|	t	|	x	|	y	|
|0.000000	|10.000000	|10.000000	|
|0.010000	|10.035356	|10.034865	|
|0.020000	|10.070711	|10.068751	|
|0.030000	|10.106066	|10.101656	|
|0.040000	|10.141421	|10.133581	|
|0.050000	|10.176777	|10.164527	|
|0.060000	|10.212132	|10.194492	|
|0.070000	|10.247487	|10.223477	|
|0.080000	|10.282843	|10.251483	|
|0.090000	|10.318198	|10.278508	|
|0.100000	|10.353554	|10.304554	|
|0.110000	|10.388908	|10.329618	|
|0.120000	|10.424264	|10.353703	|
|0.130000	|10.459620	|10.376809	|
|0.140000	|10.494975	|10.398935	|
|0.150000	|10.530330	|10.420080	|
|0.160000	|10.565685	|10.440246	|
|0.170000	|10.601041	|10.459431	|
|0.180000	|10.636396	|10.477636	|
|0.190000	|10.671751	|10.494861	|
|0.200000	|10.707107	|10.511106	|
|0.210000	|10.742462	|10.526372	|
|0.220000	|10.777818	|10.540658	|
|0.230000	|10.813173	|10.553964	|
|0.240000	|10.848528	|10.566288	|
|0.250000	|10.883883	|10.577634	|
|0.260000	|10.919239	|10.587999	|
|0.270000	|10.954595	|10.597384	|
|0.280000	|10.989949	|10.605789	|
|0.290000	|11.025305	|10.613214	|
|0.300000	|11.060660	|10.619660	|
|0.310000	|11.096016	|10.625126	|
|0.320000	|11.131371	|10.629611	|
|0.330000	|11.166726	|10.633116	|
|0.340000	|11.202082	|10.635642	|
|0.350000	|11.237436	|10.637186	|
|0.360000	|11.272792	|10.637753	|
|0.370000	|11.308147	|10.637338	|
|0.380000	|11.343502	|10.635942	|
|0.390000	|11.378858	|10.633568	|
|0.400000	|11.414213	|10.630214	|
|0.410000	|11.449569	|10.625879	|
|0.420000	|11.484923	|10.620564	|
|0.430000	|11.520279	|10.614269	|
|0.440000	|11.555634	|10.606996	|
|0.450000	|11.590990	|10.598741	|
|0.460000	|11.626345	|10.589505	|
|0.470000	|11.661700	|10.579291	|
|0.480000	|11.697056	|10.568097	|
|0.490000	|11.732410	|10.555922	|
|0.500000	|11.767766	|10.542767	|
|0.510000	|11.803122	|10.528632	|
|0.520000	|11.838477	|10.513518	|
|0.530000	|11.873833	|10.497424	|
|0.540000	|11.909187	|10.480349	|
|0.550000	|11.944543	|10.462294	|
|0.560000	|11.979898	|10.443260	|
|0.570000	|12.015253	|10.423244	|
|0.580000	|12.050609	|10.402250	|
|0.590000	|12.085964	|10.380276	|
|0.600000	|12.121319	|10.357321	|
|0.610000	|12.156674	|10.333386	|
|0.620000	|12.192030	|10.308472	|
|0.630000	|12.227386	|10.282578	|
|0.640000	|12.262741	|10.255703	|
|0.650000	|12.298096	|10.227848	|
|0.660000	|12.333451	|10.199013	|
|0.670000	|12.368807	|10.169199	|
|0.680000	|12.404161	|10.138404	|
|0.690000	|12.439517	|10.106629	|
|0.700000	|12.474873	|10.073875	|
|0.710000	|12.510227	|10.040140	|
|0.720000	|12.545583	|10.005425	|
|0.730000	|12.580938	|9.969731	|
|0.740000	|12.616294	|9.933057	|
|0.750000	|12.651649	|9.895403	|
|0.760000	|12.687004	|9.856768	|
|0.770000	|12.722360	|9.817153	|
|0.780000	|12.757715	|9.776559	|
|0.790000	|12.793070	|9.734983	|
|0.800000	|12.828425	|9.692429	|
|0.810000	|12.863781	|9.648895	|
|0.820000	|12.899136	|9.604380	|
|0.830000	|12.934491	|9.558886	|
|0.839999	|12.969847	|9.512411	|
|0.849999	|13.005202	|9.464956	|
|0.859999	|13.040558	|9.416522	|
|0.869999	|13.075912	|9.367107	|
|0.879999	|13.111268	|9.316712	|
|0.889999	|13.146624	|9.265339	|
|0.899999	|13.181978	|9.212983	|
|0.909999	|13.217334	|9.159649	|
|0.919999	|13.252689	|9.105335	|
|0.929999	|13.288044	|9.050039	|
|0.939999	|13.323400	|8.993765	|
|0.949999	|13.358755	|8.936510	|
|0.959999	|13.394111	|8.878277	|
|0.969999	|13.429466	|8.819062	|
|0.979999	|13.464821	|8.758867	|
|0.989999	|13.500176	|8.697693	|
|0.999999	|13.535532	|8.635538	|
|1.009999	|13.570887	|8.572403	|
|1.019999	|13.606242	|8.508287	|
|1.029999	|13.641598	|8.443193	|
|1.039999	|13.676953	|8.377120	|
|1.049999	|13.712309	|8.310065	|
|1.059999	|13.747663	|8.242030	|
|1.069999	|13.783019	|8.173016	|
|1.079999	|13.818375	|8.103022	|
|1.089999	|13.853729	|8.032046	|
|1.099999	|13.889085	|7.960093	|
|1.109999	|13.924440	|7.887158	|
|1.119999	|13.959795	|7.813243	|
|1.129999	|13.995151	|7.738348	|
|1.139999	|14.030506	|7.662474	|
|1.149999	|14.065861	|7.585619	|
|1.159999	|14.101217	|7.507785	|
|1.169999	|14.136572	|7.428970	|
|1.179999	|14.171927	|7.349176	|
|1.189999	|14.207283	|7.268402	|
|1.199999	|14.242638	|7.186647	|
|1.209999	|14.277993	|7.103913	|
|1.219999	|14.313349	|7.020198	|
|1.229999	|14.348703	|6.935503	|
|1.239999	|14.384059	|6.849829	|
|1.249999	|14.419415	|6.763175	|
|1.259999	|14.454769	|6.675539	|
|1.269999	|14.490126	|6.586926	|
|1.279999	|14.525480	|6.497331	|
|1.289999	|14.560836	|6.406756	|
|1.299999	|14.596191	|6.315203	|
|1.309999	|14.631546	|6.222667	|
|1.319999	|14.666902	|6.129153	|
|1.329999	|14.702257	|6.034659	|
|1.339999	|14.737612	|5.939183	|
|1.349999	|14.772967	|5.842730	|
|1.359999	|14.808323	|5.745295	|
|1.369999	|14.843678	|5.646880	|
|1.379999	|14.879034	|5.547487	|
|1.389999	|14.914389	|5.447111	|
|1.399999	|14.949744	|5.345757	|
|1.409999	|14.985100	|5.243423	|
|1.419999	|15.020454	|5.140108	|
|1.429999	|15.055810	|5.035814	|
|1.439999	|15.091166	|4.930540	|
|1.449999	|15.126520	|4.824285	|
|1.459999	|15.161876	|4.717051	|
|1.469999	|15.197231	|4.608836	|
|1.479999	|15.232586	|4.499640	|
|1.489999	|15.267942	|4.389468	|
|1.499999	|15.303297	|4.278313	|
|1.509999	|15.338652	|4.166178	|
|1.519999	|15.374008	|4.053064	|
|1.529999	|15.409363	|3.938969	|
|1.539999	|15.444718	|3.823895	|
|1.549999	|15.480074	|3.707841	|
|1.559999	|15.515429	|3.590805	|
|1.569999	|15.550784	|3.472792	|
|1.579999	|15.586140	|3.353798	|
|1.589999	|15.621494	|3.233822	|
|1.599999	|15.656851	|3.112869	|
|1.609999	|15.692205	|2.990934	|
|1.619999	|15.727560	|2.868018	|
|1.629999	|15.762917	|2.744125	|
|1.639999	|15.798271	|2.619250	|
|1.649999	|15.833627	|2.493396	|
|1.659999	|15.868982	|2.366562	|
|1.669999	|15.904337	|2.238748	|
|1.679999	|15.939692	|2.109953	|
|1.689999	|15.975048	|1.980178	|
|1.699999	|16.010403	|1.849423	|
|1.709999	|16.045757	|1.717689	|
|1.719999	|16.081114	|1.584975	|
|1.729999	|16.116468	|1.451281	|
|1.739999	|16.151825	|1.316607	|
|1.749999	|16.187180	|1.180951	|
|1.759999	|16.222534	|1.044316	|
|1.769999	|16.257891	|0.906703	|
|1.779999	|16.293245	|0.768108	|
|1.789999	|16.328602	|0.628536	|
|1.799999	|16.363956	|0.487979	|
|1.809999	|16.399311	|0.346445	|
|1.819999	|16.434666	|0.203930	|
|1.829999	|16.470022	|0.060436	|
|1.839999	|16.505377	|-0.084038	|
|	ya	|	yc	|	yb	|
|0.060436	|-0.011679	|-0.084038	|
|0.060436	|0.024410	|-0.011679	|
|0.024410	|0.006374	|-0.011679	|
|0.006374	|-0.002651	|-0.011679	|
|0.006374	|0.001863	|-0.002651	|
|0.001863	|-0.000393	|-0.002651	|
|0.001863	|0.000732	|-0.000393	|
|0.000732	|0.000170	|-0.000393	|
|0.000170	|-0.000109	|-0.000393	|
|0.000170	|0.000029	|-0.000109	|
|0.000029	|-0.000040	|-0.000109	|
|0.000029	|-0.000004	|-0.000040	|
|0.000029	|0.000013	|-0.000004	|
|0.000013	|0.000006	|-0.000004	|
|0.000006	|-0.000002	|-0.000004	|
|0.000006	|0.000002	|-0.000002	|
|0.000002	|0.000000	|-0.000002	|

time = 1.834190
y = 0.000000
x = 16.484840
