	1
1.000000 2.000000 1.500000 -1.620907 -0.212212 1.248441
	2
1.500000 2.000000 1.750000 -0.212212 0.534738 1.248441
	3
1.500000 1.750000 1.625000 -0.212212 0.162531 0.534738
	4
1.500000 1.625000 1.562500 -0.212212 -0.024889 0.162531
	5
1.562500 1.625000 1.593750 -0.024889 0.068855 0.162531
	6
1.562500 1.593750 1.578125 -0.024889 0.021986 0.068855
	7
1.562500 1.578125 1.570312 -0.024889 -0.001451 0.021986
	8
1.570312 1.578125 1.574219 -0.001451 0.010267 0.021986
	9
1.570312 1.574219 1.572266 -0.001451 0.004408 0.010267
	10
1.570312 1.572266 1.571289 -0.001451 0.001478 0.004408
	11
1.570312 1.571289 1.570801 -0.001451 0.000013 0.001478
	12
1.570312 1.570801 1.570557 -0.001451 -0.000719 0.000013
	13
1.570557 1.570801 1.570679 -0.000719 -0.000353 0.000013
	14
1.570679 1.570801 1.570740 -0.000353 -0.000170 0.000013
	15
1.570740 1.570801 1.570770 -0.000170 -0.000078 0.000013
	16
1.570770 1.570801 1.570786 -0.000078 -0.000032 0.000013
	17
1.570786 1.570801 1.570793 -0.000032 -0.000010 0.000013
	18
1.570793 1.570801 1.570797 -0.000010 0.000002 0.000013
	19
1.570793 1.570797 1.570795 -0.000010 -0.000004 0.000002
	20
1.570795 1.570797 1.570796 -0.000004 -0.000001 0.000002
iteration: 20
x: 1.570796
y: -0.000001
